
 
 Inference (Episode: 5) 
 
step: 1 
 actions:
    [13  6 19 14 22 22 22 17  4 23  8 14  6  6  6 24] 
step: 2 
 actions:
    [14 13  2 19 22 22 22 17  4  8  8 23  6  6 19  6] 
step: 3 
 actions:
    [19 14  3  3 22 22 22 17  4 23 11 12  6 11 14 24] 
step: 4 
 actions:
    [ 2 18  6 19 21 22 22 17  4 23 11  9 18 12  6 23] 
step: 5 
 actions:
    [ 3 24  6 14 21 22 22 17  4 23 23 12 22  6  3 22] 
step: 6 
 actions:
    [18 19 14 19 21 22 22 17  4 23 11 19 18 11  6 14] 
step: 7 
 actions:
    [ 3  6  6 14 22 22 22 17  4  8 12 18 22 18 19  3] 
step: 8 
 actions:
    [ 3  6  3 19 22 22 22 17  4 23 11 19 18  6  3  6] 
step: 9 
 actions:
    [ 6 14  6 14 21 22 22 17  4  8 11 19 22 11  6 14] 
step: 10 
 actions:
    [ 4  6  3 14 22 22 22 17  4 23 11 19  6 19  3  6] 
step: 11 
 actions:
    [14  6  6 14 21 22 22 17  3  8 11 14  6  6  6 12] 
step: 12 
 actions:
    [19 14 19  3 19 22 22 17  3  8 11 14 23 11 14 24] 
step: 13 
 actions:
    [14 14  6 18 14 22 22 17  3  8 11 19 22  6  6  3] 
step: 14 
 actions:
    [ 3 14  3 18 22 22 22 22  1  8 11 18  3 19  6  3] 
step: 15 
 actions:
    [19 19  3 19 22 22 22 17  3  8 11 14  6 19  6 14] 
step: 16 
 actions:
    [11 11 14 14 14 22 22 22 23  8 11 14  6 19 19 19] 
step: 17 
 actions:
    [19 19  3 19 22 22 22 22 21  8 11 19  6  6 19 18] 

 
 Inference (Episode: 10) 
 
step: 1 
 actions:
    [ 6 14  3 14 22 22 22 17  4  1  8 11  6  6  3 24] 
step: 2 
 actions:
    [19 18  3 19 21 22 22 17  4 23  8 12  6  3  3 23] 
step: 3 
 actions:
    [18 19  2 19 22 22 22 17  4  0 23 12 19  6  6 14] 
step: 4 
 actions:
    [ 6 11 14 14 22 22 22 17  4  8 11 23 19  6  3 19] 
step: 5 
 actions:
    [ 2 19  6 19 22 22 22 17  4 23 11 12 23  6 19 19] 
step: 6 
 actions:
    [ 7 14  3 18 22 22 22 17  4 21 12 11 18 19 13  3] 
step: 7 
 actions:
    [ 6  2 14  3 22 22 22 17  4  8 11 23 19  6 22 14] 
step: 8 
 actions:
    [ 2  6  0 14 22 22 22 17  4 23 11 14  6 18  6 22] 
step: 9 
 actions:
    [ 6  3  6 14 22 22 22 17  4  0 11 12 23  3  6  3] 
step: 10 
 actions:
    [ 3  3 14 14  7 22 22 17  4  8 11 23 12  6  6 12] 
step: 11 
 actions:
    [ 6  2  3 14 22 22 22 17  4 23 12  6  6  6 14  2] 
step: 12 
 actions:
    [14 19  2 19 22 22 22 17  4 23 11 12 18  6 19 19] 
step: 13 
 actions:
    [14 11  2 14 22 22 22 17  3 23 11 12 12  6  3  6] 
step: 14 
 actions:
    [14  3 18 14 19 22 14 22  3  1 11 11 19 19  3 19] 
step: 15 
 actions:
    [ 3 14  6 18 14 22 22 22  9 23 11 12 19  3 19  6] 
step: 16 
 actions:
    [13 14 11 18 14 22 22 22  9  8 11  6 18 19  6  3] 

 
 Inference (Episode: 15) 
 
step: 1 
 actions:
    [ 3 18  0 19 22 22 22 17  4 23  8 19  6 12  3 23] 
step: 2 
 actions:
    [ 3 14  0 18 22 22 20 17  1 23  8  6  6  6  3  2] 
step: 3 
 actions:
    [13 22  3  3 22 22 22 17  4 23 11 14 18  6  6 14] 
step: 4 
 actions:
    [ 6 14  6 14 22 22 22 17  4  8 11 12 23  6  3 24] 
step: 5 
 actions:
    [ 2 18  6 19 22 22 22 17  4  8 11 12  6  6 24 14] 
step: 6 
 actions:
    [13 14  6 14 22 22 22 17  4 23 12 14 22  6  6 24] 
step: 7 
 actions:
    [ 2 14  6 22 22 22 22 17  4  8 11 18 12  6 24  6] 
step: 8 
 actions:
    [ 7  6  3 14 22 22 22 17  4  8 11 18 18 19 13  3] 
step: 9 
 actions:
    [ 3  3  0 22 22 22 22 17  4 23 11 12 18  6  3 22] 
step: 10 
 actions:
    [19 19  3  3 22 22 22 17  4  8 11 19  6 19 14 19] 
step: 11 
 actions:
    [19 19 19 19 22 22 22 17  4  8 11 14 18 19 19 23] 
step: 12 
 actions:
    [ 4  3  3  3 21 22 22 17  3  8 11 18 22 18  3 19] 
step: 13 
 actions:
    [14 19 22 19 21 22 22 17  3  8 11 19 22 19  6 14] 
step: 14 
 actions:
    [19 19  3 19 22 22 22 17  3  8 11 19  6 19  6 19] 
step: 15 
 actions:
    [ 3 19  3 19 22 22 22 17  3  8 11 14  6 19  6 14] 
step: 16 
 actions:
    [12  6  6 14 14 22 22 22  3  8 11 14  6 19 22  3] 
step: 17 
 actions:
    [18  6 11  3 14 22 22 22 21 22 18 12  6 19 23  3] 

 
 Inference (Episode: 20) 
 
step: 1 
 actions:
    [ 2  6  6 14 22 22 22 17  4  1  8 11  6  3 11  3] 
step: 2 
 actions:
    [ 3 14  6 14 21 22 22 17  4  1 11 11  6  6  3 24] 
step: 3 
 actions:
    [ 7 19  3 19 22 22 22 17  4 23 11 12  6  6  4 14] 
step: 4 
 actions:
    [ 6 14  6 14 22 22 22 17  4 23  8 12  6  6  3 24] 
step: 5 
 actions:
    [ 6 14 14 14 22 22 22 17  4 21 11 11 19  6  3 19] 
step: 6 
 actions:
    [ 6 18 14 19 22 22 22 17  4 23 11  6 18  6  3 14] 
step: 7 
 actions:
    [ 3 18  6 18 21 22 22 17  4 23 11 12  6 11 19 14] 
step: 8 
 actions:
    [ 2 14  6 14 22 22 22 17  4 23 11  6 18 11 19 15] 
step: 9 
 actions:
    [19  6  3 19 22 22 22 17  3 23 11 19  6  6 14  6] 
step: 10 
 actions:
    [ 2  6  6 14 21 22 22 22 23  1  8 11 23  6 19  0] 
step: 11 
 actions:
    [19 19 19 19 22 22 22 17  4 23 12 12 22  6 19 19] 
step: 12 
 actions:
    [ 2 19  2 19 22 22 22 17  3  8 11 19  6 11  6 14] 
step: 13 
 actions:
    [18 14 14 18 14 22 22 17 23  8  8 19  6  6  6  6] 
step: 14 
 actions:
    [ 6  2 19 14 21 22 22 17  3  8 11 19  6 19  3 23] 
step: 15 
 actions:
    [ 3  6  6 14 22 22 22 17  3  8 11  6  6 19 19  3] 
step: 16 
 actions:
    [ 3 14 14 14 18 22 22 22 23 21 12 11  6  3 19  6] 
step: 17 
 actions:
    [ 3 18 24 19 21 22 22 22  9 23 11 12  6  6  3 18] 

 
 Inference (Episode: 25) 
 
step: 1 
 actions:
    [ 6 14  6  3 22 22 22 17  4  1 23 11 19  6  3 24] 
step: 2 
 actions:
    [ 7 11  3 14 21 22 22 17  4  0 11 12 18  6 11  3] 
step: 3 
 actions:
    [ 2 19  6 19 22 22 22 17  4 23 23 19 19 11 19 14] 
step: 4 
 actions:
    [22 14  3 14 22 22 22 17  4 23  8 19 18 11 19 15] 
step: 5 
 actions:
    [ 6 19 11 19 21 22 22 17  4 23 11 12 18  6 14 19] 
step: 6 
 actions:
    [ 4  2  3 14 22 22 22 17  4 23 11 19 12 19  3 19] 
step: 7 
 actions:
    [ 6 14 14 18 22 22 22 17  4 23 11  6  6 11  6  2] 
step: 8 
 actions:
    [11  3 14 14 22 22 22 17  4 23 12 12 22  3 19  3] 
step: 9 
 actions:
    [14  6  2 14 22 22 22 17  4  8 11 18 12 18  3 18] 
step: 10 
 actions:
    [ 6  3  3 14 22 22 22 17  3 23 11 19  6 11  3 14] 
step: 11 
 actions:
    [ 6  6 14 14 22 22 22 22  3  1 11 11  6  6  6  0] 
step: 12 
 actions:
    [ 6  2  6 14 22 22 22 17  4 23 11 14 18  6 19  2] 
step: 13 
 actions:
    [22 14  3 18 21 22 22 17 23  8 12 19 12 19  3  3] 
step: 14 
 actions:
    [ 4  6  3 18 22 22 22 17  3  8 11 18 23 19  2 22] 
step: 15 
 actions:
    [ 7  6  6 14 14 22 22 22 23 21  8 18  6 19  4  6] 
step: 16 
 actions:
    [ 2 11  6 14 22 22 22 22  9 23 11 12  6  6 19 19] 

 
 Inference (Episode: 30) 
 
step: 1 
 actions:
    [ 2 14  6 21 22 22 22 17  4  1 23 11 19  6 19 15] 
step: 2 
 actions:
    [ 6  2  2 14 22 22 22 17  4 23 12 14 22  6  3 24] 
step: 3 
 actions:
    [ 3 18  0 19 22 22 22 17  4  8  8 18  6 18  3 23] 
step: 4 
 actions:
    [ 6 14 14 18 22 22 22 17  4 23 11  6 18  6  6  2] 
step: 5 
 actions:
    [ 2  6  0 14 22 22 22 17  4 23 11 12 18 11  3  3] 
step: 6 
 actions:
    [ 6  3  6 14 22 22 22 17  4  8 11 18 23 18  3 22] 
step: 7 
 actions:
    [ 3  6  3 14 22 22 22 17  4  8 11 18 18  6  3 14] 
step: 8 
 actions:
    [14  3 14 22 22 22 22 17  4 23 11 19 18 19 19 22] 
step: 9 
 actions:
    [19  3  3 14 22 22 22 17  4 23 12 19  6 11  3 14] 
step: 10 
 actions:
    [ 6  6 14 13 19 22 22 17  4  8 11 18  6 19 14 22] 
step: 11 
 actions:
    [ 2 18  6 19 22 22 22 17  3 23 11  6 19 19  6 14] 
step: 12 
 actions:
    [ 2  6  6 14 22 22 22 17  3  8 11 12  6  3 19  3] 
step: 13 
 actions:
    [11 11  3 14 22 22 22 17 23  8 23 12 19  3 19  6] 
step: 14 
 actions:
    [ 3 18  6  3 21 22 22 17  3  8 11  6  6 19 19 14] 
step: 15 
 actions:
    [14  3  3 22 22 22 22 17  3  8 11 12  6  3 14  3] 
step: 16 
 actions:
    [ 3 19 19  3 22 22 22 17 23  8 11 12 19  6  3 14] 
step: 17 
 actions:
    [ 3 14  6 14  3 22 22 22 21  8 11 12 19  6  3 14] 

 
 Inference (Episode: 35) 
 
step: 1 
 actions:
    [ 2 14  6 18 22 22 22 17  4  1 11 11 18 18 19 18] 
step: 2 
 actions:
    [24 13 14 19 22 22 22 17  4 21 11 11 18  6  6  6] 
step: 3 
 actions:
    [ 6 18  6 19 22 22 22 17  4 23  8 19  6 12  3 23] 
step: 4 
 actions:
    [ 6 11 14 14 22 22 22 17  4  1 11 11 23 11 18 14] 
step: 5 
 actions:
    [ 3 14  6 18 21 22 22 17  4 23 11 12 18  3  3  3] 
step: 6 
 actions:
    [ 6 24 14 14 22 22 22 17  4  8 11 12  6  6  6 22] 
step: 7 
 actions:
    [ 2 14  6 14 22 22 22 17  4 23 11 12  6 11 24 24] 
step: 8 
 actions:
    [18  3 11 14 21 22 22 17  4 23 11 12 19  3 23  3] 
step: 9 
 actions:
    [24 14  3 18 22 22 22 17  4 23 11  6  6  6 14  6] 
step: 10 
 actions:
    [14  3  2 14 22 22 22 17  3 23 11 14 22  6 19 12] 
step: 11 
 actions:
    [10 18 14 19 22 22 22 17  3  8 11 18  6 18  6 18] 
step: 12 
 actions:
    [22 14  6 18 21 22 22 17  3  8 11 12 22 11  3  2] 
step: 13 
 actions:
    [ 2 14  6  3 14 22 22 17  3  8 11 18  6 18  3  3] 
step: 14 
 actions:
    [14  6 14 18 14 22 22 22 23 21 11 11  6  6 14 22] 
step: 15 
 actions:
    [11 14 14 18 22 22 22 17 23  8 11 14  6 19 19  3] 
step: 16 
 actions:
    [ 3 19  3 19 22 22 22 22 23 21 11 14  6 19  3  3] 

 
 Inference (Episode: 40) 
 
step: 1 
 actions:
    [19  3 14 14 21 22 22 17  4  0  8 12  6  6  3 15] 
step: 2 
 actions:
    [19 13  3 19 22 22 22 17  4  8 11 12 23  6 11  3] 
step: 3 
 actions:
    [ 2 18  6 19 21 22 22 17  4 23 11  6 18 18 19 18] 
step: 4 
 actions:
    [22 14  2 14 22 22 22 17  4 23 11 19 23 11 18 15] 
step: 5 
 actions:
    [18 11  3 14 22 22 22 17  4 23 12 19 22 19  6 19] 
step: 6 
 actions:
    [ 2 13  6 19 22 22 22 17  4  8 11 18  6  6 19  6] 
step: 7 
 actions:
    [ 4 19  3 19 22 22 22 17  4  8 11 18  6 18  6 19] 
step: 8 
 actions:
    [ 3 18  3 19 22 22 22 17  4 23 11 12 19 11  3 14] 
step: 9 
 actions:
    [ 3 14  6 18 22 22 22 17  4 23 11  6 19  6 19  6] 
step: 10 
 actions:
    [ 2  6  2 14 22 22 22 17  4 23 11 18  6 18  6  3] 
step: 11 
 actions:
    [ 4  6  3 14 21 22 22 17  3  8 11 12 18  3  6  3] 
step: 12 
 actions:
    [ 3 19  3 14 22 22 22 17  3  8 11 12 18  6  3 14] 
step: 13 
 actions:
    [18 14 18  3 19 22 22 17  3  8 11 19  6 11  6  2] 
step: 14 
 actions:
    [19 14  3 18 22 22 22 22  3  8 11 18  6 11 11  2] 
step: 15 
 actions:
    [19 14 14 14 14 22 22 17  3  8 11 12  6 11 19 14] 
step: 16 
 actions:
    [19  3 19 22 19 22 22 22 23  8 11 14  6 11 11 24] 
step: 17 
 actions:
    [19  3  3 22 22 22 22 22 21 22 23  6 19 19 19 22] 

 
 Inference (Episode: 45) 
 
step: 1 
 actions:
    [24  6 14  3 22 22 22 17  4  1 11 11 23  6  3 12] 
step: 2 
 actions:
    [ 3 18  6 19 21 22 22 17  4  8 11 23  6 19  3 14] 
step: 3 
 actions:
    [ 7  6  3 14 22 22 22 17  4 23  8 12  6  3  4  3] 
step: 4 
 actions:
    [ 6  3  2 19 22 22 22 17  4 23 11 12 18 18  6 22] 
step: 5 
 actions:
    [ 4  3  3 14 22 22 22 17  4 23 11  6  6  6  6 14] 
step: 6 
 actions:
    [ 3  6  6 18 22 22 22 17  4 23 11 12 19  6 19 22] 
step: 7 
 actions:
    [22 11 19 14 21 22 22 17  4 23 11  6 19 19 18 19] 
step: 8 
 actions:
    [19 14  2 18 22 22 22 17  4 23 11  6 19  6 19  2] 
step: 9 
 actions:
    [ 2  6  6 19 22 22 22 17  4  8 11 18 23 18 19 11] 
step: 10 
 actions:
    [14  6  6 14 21 22 22 17  3  8 11 19  6  6  6 12] 
step: 11 
 actions:
    [ 7  3  3 14 22 22 22 17  3  8 11 19  6 19  4 19] 
step: 12 
 actions:
    [24 14 14 14 22 22 22 17  3  8 11 12  6 11 14 15] 
step: 13 
 actions:
    [14 24  2 14 22 22 22 17  3  8 11  6  6  6 14 22] 
step: 14 
 actions:
    [ 3 19  3 19 22 22 22 17  3  8 11  6  6 11 14 14] 
step: 15 
 actions:
    [ 3 19  6 19 22 22 22 17  3  8 11 14  6 19 19 23] 
step: 16 
 actions:
    [19  6  3  6 22 22 22 22  3  8 11 18  6 18 19 12] 
step: 17 
 actions:
    [ 2 19  6 19 21 22 22 22 18 22 23 12 19  6  6  6] 

 
 Inference (Episode: 50) 
 
step: 1 
 actions:
    [24  6 14 14 22 22 22  1  4  1  8 11  6  6  3  3] 
step: 2 
 actions:
    [14  6  2 14 22 22 22 17  4 23 11 19 18 11 19  2] 
step: 3 
 actions:
    [ 2  6  6 19 22 22 22 17  4 23  8 12  6  6 19 11] 
step: 4 
 actions:
    [ 4 18  3 19 22 22 22 17  4 23  8 12 18 11  3 14] 
step: 5 
 actions:
    [14 18  2 19 22 22 22 17  4  8 11 23 23 19 11 14] 
step: 6 
 actions:
    [ 6 14  6 18 22 22 22 17  4 23 11 19 23 11  3  2] 
step: 7 
 actions:
    [ 3 24  0 14 22 22 22 17  4 23 11 14 19  6  3 22] 
step: 8 
 actions:
    [ 6  6 14 14 22 22 22 22  4  1 11 11 18 11 18 24] 
step: 9 
 actions:
    [14  6  2 13 22 22 22 17  4 23 11 14 18  6  3 19] 
step: 10 
 actions:
    [ 6  3  3 14 22 22 22 17  4 23 12 19  6 19 14 22] 
step: 11 
 actions:
    [ 6  6 14 14 22 22 22 17  3  8 11 19 18 19 18  3] 
step: 12 
 actions:
    [ 3 18  6 19 22 22 22 17  3  8 11 19  6 19 19 14] 
step: 13 
 actions:
    [19 19  3 19 22 22 22 17  3  8 11 14  6 11 19 14] 
step: 14 
 actions:
    [ 2  3  6 14 21 14 22 17  3 21 12 14  6 19  6 22] 
step: 15 
 actions:
    [ 2  3  6  6 21 14 22 22 23  8  8 18 18 19  6 19] 
step: 16 
 actions:
    [ 3  6  6 19 22 22 22 22 23 23 11 12 19 18 19 18] 
step: 17 
 actions:
    [ 3  3  6 14 22 22 22 22 23  1 12 22  6  6 19 19] 
