0.00000 0.00000
0.00018 -0.00098
0.00040 -0.00221
0.00067 -0.00373
0.00103 -0.00562
0.00200 -0.00781
0.00356 -0.01033
0.00587 -0.01319
0.00916 -0.01634
0.01364 -0.01973
0.01955 -0.02335
0.02716 -0.02715
0.03679 -0.03111
0.04880 -0.03518
0.06361 -0.03931
0.08165 -0.04341
0.10338 -0.04739
0.12924 -0.05110
0.15962 -0.05438
0.19478 -0.05706
0.23481 -0.05896
0.27958 -0.05991
0.32866 -0.05982
0.38131 -0.05864
0.43653 -0.05643
0.49305 -0.05330
0.54953 -0.04944
0.60462 -0.04508
0.65708 -0.04045
0.70594 -0.03575
0.75048 -0.03115
0.79033 -0.02680
0.82536 -0.02279
0.85570 -0.01918
0.88163 -0.01598
0.90354 -0.01320
0.92189 -0.01081
0.93713 -0.00878
0.94970 -0.00708
0.96002 -0.00566
0.96845 -0.00449
0.97531 -0.00353
0.98088 -0.00274
0.98539 -0.00210
0.98903 -0.00158
0.99197 -0.00116
0.99434 -0.00082
0.99625 -0.00054
0.99778 -0.00032
0.99901 -0.00014
1.00000 0.00000
0.99901 0.00014
0.99778 0.00032
0.99625 0.00054
0.99434 0.00082
0.99197 0.00116
0.98903 0.00158
0.98539 0.00210
0.98088 0.00274
0.97531 0.00353
0.96845 0.00449
0.96002 0.00566
0.94970 0.00708
0.93713 0.00878
0.92189 0.01081
0.90354 0.01320
0.88163 0.01598
0.85570 0.01918
0.82536 0.02279
0.79033 0.02680
0.75048 0.03115
0.70594 0.03575
0.65708 0.04045
0.60462 0.04508
0.54953 0.04944
0.49305 0.05330
0.43653 0.05643
0.38131 0.05864
0.32866 0.05982
0.27958 0.05991
0.23481 0.05896
0.19478 0.05706
0.15962 0.05438
0.12924 0.05110
0.10338 0.04739
0.08165 0.04341
0.06361 0.03931
0.04880 0.03518
0.03679 0.03111
0.02716 0.02715
0.01955 0.02335
0.01364 0.01973
0.00916 0.01634
0.00587 0.01319
0.00356 0.01033
0.00200 0.00781
0.00103 0.00562
0.00067 0.00373
0.00040 0.00221
0.00018 0.00098
