0.00000 0.00000
0.00018 -0.00098
0.00040 -0.00222
0.00068 -0.00376
0.00105 -0.00568
0.00205 -0.00791
0.00367 -0.01049
0.00609 -0.01343
0.00955 -0.01666
0.01427 -0.02015
0.02052 -0.02388
0.02860 -0.02779
0.03885 -0.03187
0.05169 -0.03605
0.06756 -0.04028
0.08694 -0.04447
0.11032 -0.04848
0.13816 -0.05217
0.17085 -0.05536
0.20863 -0.05785
0.25151 -0.05945
0.29924 -0.06002
0.35121 -0.05946
0.40652 -0.05778
0.46393 -0.05507
0.52203 -0.05150
0.57935 -0.04729
0.63449 -0.04270
0.68625 -0.03796
0.73375 -0.03328
0.77643 -0.02880
0.81407 -0.02466
0.84670 -0.02091
0.87459 -0.01759
0.89814 -0.01471
0.91781 -0.01224
0.93410 -0.01015
0.94749 -0.00840
0.95844 -0.00695
0.96734 -0.00575
0.97455 -0.00478
0.98037 -0.00398
0.98506 -0.00334
0.98883 -0.00282
0.99186 -0.00240
0.99428 -0.00206
0.99622 -0.00179
0.99777 -0.00157
0.99901 -0.00140
1.00000 -0.00126
1.00000 0.00000
1.00000 0.00126
0.99901 0.00140
0.99777 0.00157
0.99622 0.00179
0.99428 0.00206
0.99186 0.00240
0.98883 0.00282
0.98506 0.00334
0.98037 0.00398
0.97455 0.00478
0.96734 0.00575
0.95844 0.00695
0.94749 0.00840
0.93410 0.01015
0.91781 0.01224
0.89814 0.01471
0.87459 0.01759
0.84670 0.02091
0.81407 0.02466
0.77643 0.02880
0.73375 0.03328
0.68625 0.03796
0.63449 0.04270
0.57935 0.04729
0.52203 0.05150
0.46393 0.05507
0.40652 0.05778
0.35121 0.05946
0.29924 0.06002
0.25151 0.05945
0.20863 0.05785
0.17085 0.05536
0.13816 0.05217
0.11032 0.04848
0.08694 0.04447
0.06756 0.04028
0.05169 0.03605
0.03885 0.03187
0.02860 0.02779
0.02052 0.02388
0.01427 0.02015
0.00955 0.01666
0.00609 0.01343
0.00367 0.01049
0.00205 0.00791
0.00105 0.00568
0.00068 0.00376
0.00040 0.00222
0.00018 0.00098
