0.00000 0.00000
0.00044 -0.00246
0.00097 -0.00539
0.00245 -0.00858
0.00484 -0.01202
0.00830 -0.01558
0.01290 -0.01922
0.01877 -0.02291
0.02604 -0.02664
0.03487 -0.03038
0.04545 -0.03412
0.05800 -0.03784
0.07275 -0.04150
0.08994 -0.04504
0.10980 -0.04840
0.13256 -0.05151
0.15838 -0.05427
0.18741 -0.05659
0.21968 -0.05837
0.25515 -0.05953
0.29362 -0.06001
0.33481 -0.05975
0.37828 -0.05877
0.42346 -0.05707
0.46969 -0.05475
0.51627 -0.05188
0.56245 -0.04860
0.60752 -0.04501
0.65083 -0.04125
0.69184 -0.03743
0.73014 -0.03364
0.76543 -0.02998
0.79757 -0.02650
0.82650 -0.02325
0.85231 -0.02025
0.87511 -0.01753
0.89511 -0.01508
0.91252 -0.01291
0.92760 -0.01098
0.94058 -0.00930
0.95171 -0.00784
0.96122 -0.00657
0.96932 -0.00549
0.97619 -0.00455
0.98201 -0.00376
0.98693 -0.00308
0.99108 -0.00250
0.99458 -0.00202
0.99752 -0.00161
1.00000 -0.00126
1.00000 0.00126
0.99752 0.00160
0.99458 0.00200
0.99108 0.00247
0.98692 0.00304
0.98200 0.00370
0.97618 0.00448
0.96930 0.00540
0.96121 0.00647
0.95170 0.00773
0.94057 0.00918
0.92758 0.01086
0.91251 0.01279
0.89509 0.01498
0.87510 0.01745
0.85230 0.02020
0.82650 0.02324
0.79757 0.02654
0.76544 0.03007
0.73016 0.03376
0.69186 0.03756
0.65085 0.04137
0.60753 0.04507
0.56246 0.04856
0.51627 0.05172
0.46969 0.05445
0.42345 0.05667
0.37827 0.05833
0.33481 0.05944
0.29363 0.05997
0.25515 0.05972
0.21969 0.05858
0.18743 0.05661
0.15842 0.05407
0.13260 0.05120
0.10983 0.04821
0.08993 0.04511
0.07273 0.04163
0.05802 0.03780
0.04551 0.03395
0.03489 0.03030
0.02600 0.02671
0.01878 0.02290
0.01293 0.01919
0.00828 0.01561
0.00490 0.01197
0.00235 0.00866
0.00113 0.00535
0.00045 0.00246
