0.00000 0.00000
0.00089 -0.00492
0.00334 -0.01001
0.00756 -0.01489
0.01327 -0.01948
0.02036 -0.02379
0.02879 -0.02788
0.03862 -0.03178
0.04989 -0.03551
0.06272 -0.03908
0.07719 -0.04248
0.09342 -0.04568
0.11150 -0.04866
0.13152 -0.05138
0.15356 -0.05381
0.17764 -0.05589
0.20379 -0.05759
0.23198 -0.05886
0.26214 -0.05968
0.29414 -0.06001
0.32781 -0.05985
0.36292 -0.05919
0.39922 -0.05806
0.43638 -0.05648
0.47406 -0.05450
0.51191 -0.05217
0.54955 -0.04956
0.58664 -0.04672
0.62282 -0.04372
0.65781 -0.04062
0.69133 -0.03748
0.72318 -0.03435
0.75319 -0.03127
0.78125 -0.02828
0.80730 -0.02542
0.83132 -0.02270
0.85334 -0.02013
0.87340 -0.01774
0.89159 -0.01552
0.90801 -0.01348
0.92276 -0.01161
0.93596 -0.00990
0.94774 -0.00836
0.95822 -0.00697
0.96752 -0.00573
0.97575 -0.00461
0.98301 -0.00362
0.98941 -0.00274
0.99505 -0.00195
1.00000 -0.00126
1.00000 0.00000
1.00000 0.00126
0.99505 0.00193
0.98941 0.00270
0.98300 0.00356
0.97574 0.00454
0.96751 0.00564
0.95821 0.00687
0.94773 0.00825
0.93595 0.00978
0.92274 0.01148
0.90799 0.01336
0.89158 0.01542
0.87339 0.01766
0.85333 0.02008
0.83132 0.02268
0.80730 0.02544
0.78126 0.02835
0.75320 0.03137
0.72320 0.03447
0.69135 0.03761
0.65783 0.04074
0.62284 0.04380
0.58665 0.04674
0.54956 0.04949
0.51191 0.05200
0.47406 0.05421
0.43637 0.05610
0.39921 0.05762
0.36292 0.05878
0.32781 0.05958
0.29414 0.05997
0.26214 0.05984
0.23198 0.05909
0.20380 0.05772
0.17766 0.05584
0.15359 0.05358
0.13157 0.05108
0.11154 0.04845
0.09342 0.04571
0.07717 0.04263
0.06272 0.03911
0.04994 0.03537
0.03867 0.03164
0.02877 0.02793
0.02035 0.02381
0.01330 0.01944
0.00756 0.01490
0.00325 0.01008
0.00101 0.00490
