0.00000 0.00000
0.14286 0.00000
0.28571 0.00000
0.42857 0.00000
0.57143 0.00000
0.71429 0.00000
0.85714 0.00000
1.00000 0.00000
1.14286 0.00000
1.28571 0.00000
1.42857 0.00000
1.57143 0.00000
1.71429 0.00000
1.85714 0.00000
2.00000 0.00000
2.00000 0.14286
2.00000 0.28571
2.00000 0.42857
2.00000 0.57143
2.00000 0.71429
2.00000 0.85714
2.00000 1.00000
1.85714 1.00000
1.71429 1.00000
1.57143 1.00000
1.42857 1.00000
1.28571 1.00000
1.14286 1.00000
1.00000 1.00000
1.00000 1.14286
1.00000 1.28571
1.00000 1.42857
1.00000 1.57143
1.00000 1.71429
1.00000 1.85714
1.00000 2.00000
0.85714 2.00000
0.71429 2.00000
0.57143 2.00000
0.42857 2.00000
0.28571 2.00000
0.14286 2.00000
0.00000 2.00000
0.00000 1.85714
0.00000 1.71429
0.00000 1.57143
0.00000 1.42857
0.00000 1.28571
0.00000 1.14286
0.00000 1.00000
0.00000 0.85714
0.00000 0.71429
0.00000 0.57143
0.00000 0.42857
0.00000 0.28571
0.00000 0.14286
