  0.000000000000000e+00   0.000000000000000e+00  
  2.500000000000000e-01   0.000000000000000e+00   
  5.000000000000000e-01   0.000000000000000e+00   
  6.666666666666666e-01   6.219999999999999e-01   
  8.333333333333333e-01   1.244000000000000e+00   
  1.000000000000000e+00   1.866000000000000e+00   
  1.166666666666667e+00   1.244000000000000e+00   
  1.333333333333333e+00   6.219999999999999e-01   
  1.500000000000000e+00   0.000000000000000e+00   
  1.750000000000000e+00   0.000000000000000e+00   
  2.000000000000000e+00   0.000000000000000e+00   
  1.800000000000000e+00   7.464000000000003e-01   
  1.600000000000000e+00   1.492800000000000e+00   
  1.400000000000000e+00   2.239200000000000e+00   
  1.200000000000000e+00   2.985600000000000e+00   
  1.000000000000000e+00   3.732000000000000e+00   
  7.999999999999999e-01   2.985600000000000e+00   
  6.000000000000000e-01   2.239200000000000e+00   
  4.000000000000000e-01   1.492800000000000e+00   
  2.000000000000000e-01   7.464000000000000e-01   
