  0.000000000000000e+00   0.000000000000000e+00   
  3.333333333333333e-01   0.000000000000000e+00   
  6.666666666666666e-01   0.000000000000000e+00   
  1.000000000000000e+00   0.000000000000000e+00   
  1.333333333333333e+00   0.000000000000000e+00   
  1.666666666666667e+00   0.000000000000000e+00   
  2.000000000000000e+00   0.000000000000000e+00   
  2.000000000000000e+00   3.333333333333334e-01   
  2.000000000000000e+00   6.666666666666667e-01   
  2.000000000000000e+00   1.000000000000000e+00   
  1.666666666666667e+00   1.000000000000000e+00   
  1.333333333333333e+00   1.000000000000000e+00   
  1.000000000000000e+00   1.000000000000000e+00   
  1.000000000000000e+00   1.333333333333333e+00   
  1.000000000000000e+00   1.666666666666667e+00   
  1.000000000000000e+00   2.000000000000000e+00   
  6.666666666666666e-01   2.000000000000000e+00   
  3.333333333333333e-01   2.000000000000000e+00   
  0.000000000000000e+00   2.000000000000000e+00   
  0.000000000000000e+00   1.666666666666667e+00   
  0.000000000000000e+00   1.333333333333333e+00   
  0.000000000000000e+00   1.000000000000000e+00   
  0.000000000000000e+00   6.666666666666666e-01   
  0.000000000000000e+00   3.333333333333333e-01   
