0.00000 0.00000
0.00019 -0.00098
0.00038 -0.00202
0.00059 -0.00311
0.00116 -0.00413
0.00177 -0.00520
0.00242 -0.00632
0.00336 -0.00730
0.00436 -0.00834
0.00540 -0.00943
0.00668 -0.01038
0.00802 -0.01138
0.00944 -0.01243
0.01103 -0.01338
0.01272 -0.01435
0.01450 -0.01537
0.01643 -0.01633
0.01848 -0.01728
0.02064 -0.01829
0.02294 -0.01926
0.02539 -0.02022
0.02796 -0.02122
0.03068 -0.02221
0.03356 -0.02317
0.03658 -0.02419
0.03977 -0.02518
0.04313 -0.02616
0.04665 -0.02719
0.05036 -0.02819
0.05426 -0.02919
0.05835 -0.03024
0.06264 -0.03124
0.06714 -0.03226
0.07184 -0.03331
0.07677 -0.03432
0.08193 -0.03537
0.08732 -0.03640
0.09295 -0.03743
0.09882 -0.03850
0.10495 -0.03952
0.11133 -0.04057
0.11799 -0.04160
0.12491 -0.04264
0.13211 -0.04368
0.13960 -0.04469
0.14736 -0.04572
0.15543 -0.04670
0.16378 -0.04772
0.17243 -0.04867
0.18137 -0.04965
0.19062 -0.05057
0.20017 -0.05150
0.21002 -0.05237
0.22016 -0.05325
0.23061 -0.05406
0.24134 -0.05487
0.25237 -0.05560
0.26368 -0.05634
0.27527 -0.05696
0.28712 -0.05758
0.29924 -0.05808
0.31161 -0.05853
0.32422 -0.05886
0.33706 -0.05909
0.35011 -0.05920
0.36336 -0.05914
0.37679 -0.05899
0.39038 -0.05860
0.40411 -0.05814
0.41797 -0.05743
0.43193 -0.05660
0.44597 -0.05561
0.46007 -0.05446
0.47421 -0.05321
0.48837 -0.05176
0.50254 -0.05027
0.51667 -0.04863
0.53077 -0.04693
0.54481 -0.04517
0.55877 -0.04334
0.57263 -0.04149
0.58637 -0.03959
0.59998 -0.03770
0.61344 -0.03578
0.62674 -0.03387
0.63985 -0.03197
0.65276 -0.03010
0.66547 -0.02825
0.67795 -0.02644
0.69020 -0.02466
0.70221 -0.02294
0.71396 -0.02126
0.72546 -0.01966
0.73668 -0.01810
0.74763 -0.01662
0.75831 -0.01520
0.76870 -0.01386
0.77880 -0.01257
0.78861 -0.01137
0.79813 -0.01021
0.80737 -0.00915
0.81631 -0.00813
0.82496 -0.00720
0.83333 -0.00631
0.84141 -0.00550
0.84920 -0.00474
0.85672 -0.00404
0.86397 -0.00340
0.87095 -0.00279
0.87766 -0.00227
0.88411 -0.00178
0.89031 -0.00134
0.89627 -0.00095
0.90198 -0.00058
0.90746 -0.00029
0.91271 -0.00001
0.91774 0.00024
0.92256 0.00044
0.92716 0.00062
0.93157 0.00077
0.93578 0.00089
0.93981 0.00100
0.94365 0.00107
0.94732 0.00113
0.95082 0.00118
0.95416 0.00120
0.95735 0.00121
0.96039 0.00121
0.96328 0.00120
0.96604 0.00117
0.96866 0.00114
0.97116 0.00110
0.97354 0.00105
0.97581 0.00100
0.97796 0.00095
0.98001 0.00088
0.98196 0.00082
0.98381 0.00076
0.98558 0.00070
0.98725 0.00063
0.98884 0.00056
0.99035 0.00050
0.99179 0.00043
0.99315 0.00036
0.99444 0.00030
0.99567 0.00024
0.99684 0.00018
0.99795 0.00012
0.99900 0.00006
1.00000 0.00000
0.99902 0.00021
0.99799 0.00043
0.99690 0.00065
0.99576 0.00089
0.99456 0.00114
0.99329 0.00141
0.99195 0.00168
0.99054 0.00197
0.98906 0.00227
0.98750 0.00259
0.98586 0.00292
0.98413 0.00327
0.98231 0.00363
0.98040 0.00402
0.97839 0.00442
0.97627 0.00483
0.97405 0.00527
0.97171 0.00573
0.96926 0.00621
0.96668 0.00671
0.96397 0.00723
0.96113 0.00778
0.95814 0.00834
0.95501 0.00894
0.95173 0.00956
0.94828 0.01020
0.94467 0.01087
0.94089 0.01158
0.93693 0.01230
0.93278 0.01305
0.92844 0.01385
0.92390 0.01466
0.91915 0.01550
0.91419 0.01638
0.90901 0.01729
0.90360 0.01823
0.89795 0.01920
0.89206 0.02021
0.88593 0.02125
0.87954 0.02231
0.87290 0.02341
0.86598 0.02454
0.85879 0.02571
0.85133 0.02690
0.84359 0.02812
0.83556 0.02938
0.82723 0.03065
0.81862 0.03196
0.80971 0.03327
0.80051 0.03463
0.79101 0.03598
0.78121 0.03736
0.77111 0.03875
0.76072 0.04015
0.75003 0.04154
0.73906 0.04295
0.72780 0.04433
0.71627 0.04573
0.70446 0.04709
0.69240 0.04846
0.68008 0.04976
0.66752 0.05108
0.65473 0.05233
0.64172 0.05356
0.62851 0.05472
0.61511 0.05584
0.60155 0.05690
0.58782 0.05787
0.57397 0.05880
0.55999 0.05959
0.54592 0.06033
0.53177 0.06094
0.51756 0.06147
0.50332 0.06192
0.48907 0.06225
0.47482 0.06254
0.46061 0.06268
0.44644 0.06277
0.43235 0.06278
0.41835 0.06270
0.40447 0.06258
0.39071 0.06235
0.37710 0.06210
0.36367 0.06173
0.35041 0.06134
0.33735 0.06087
0.32451 0.06034
0.31190 0.05977
0.29952 0.05913
0.28740 0.05848
0.27554 0.05774
0.26395 0.05700
0.25263 0.05618
0.24160 0.05536
0.23086 0.05447
0.22041 0.05359
0.21026 0.05264
0.20041 0.05170
0.19086 0.05071
0.18161 0.04974
0.17267 0.04870
0.16401 0.04770
0.15566 0.04664
0.14760 0.04560
0.13984 0.04452
0.13235 0.04347
0.12515 0.04239
0.11823 0.04132
0.11157 0.04026
0.10519 0.03917
0.09906 0.03812
0.09319 0.03703
0.08756 0.03598
0.08217 0.03493
0.07702 0.03386
0.07208 0.03284
0.06738 0.03178
0.06288 0.03075
0.05858 0.02976
0.05450 0.02872
0.05059 0.02772
0.04687 0.02674
0.04334 0.02573
0.03997 0.02477
0.03677 0.02380
0.03374 0.02282
0.03085 0.02188
0.02812 0.02093
0.02554 0.01995
0.02308 0.01903
0.02076 0.01809
0.01859 0.01712
0.01653 0.01618
0.01458 0.01526
0.01279 0.01426
0.01109 0.01331
0.00948 0.01239
0.00806 0.01135
0.00670 0.01036
0.00542 0.00942
0.00437 0.00833
0.00337 0.00730
0.00242 0.00632
0.00177 0.00520
0.00116 0.00413
0.00059 0.00311
0.00038 0.00202
0.00019 0.00098
