0.00000 0.00000
0.00000 -0.08333
0.00000 -0.16667
0.00000 -0.25000
0.00000 -0.33333
0.00000 -0.41667
0.00000 -0.50000
0.00000 -0.58333
0.00000 -0.66667
0.00000 -0.75000
0.00000 -0.83333
0.00000 -0.91667
0.00000 -1.00000
0.07217 -0.95833
0.14433 -0.91667
0.21650 -0.87500
0.28867 -0.83333
0.36083 -0.79167
0.43300 -0.75000
0.50517 -0.70833
0.57733 -0.66667
0.64950 -0.62500
0.72167 -0.58333
0.79383 -0.54167
0.86600 -0.50000
0.93817 -0.54167
1.01033 -0.58333
1.08250 -0.62500
1.15467 -0.66667
1.22683 -0.70833
1.29900 -0.75000
1.37117 -0.79167
1.44333 -0.83333
1.51550 -0.87500
1.58767 -0.91667
1.65983 -0.95833
1.73200 -1.00000
1.73200 -0.91667
1.73200 -0.83333
1.73200 -0.75000
1.73200 -0.66667
1.73200 -0.58333
1.73200 -0.50000
1.73200 -0.41667
1.73200 -0.33333
1.73200 -0.25000
1.73200 -0.16667
1.73200 -0.08333
1.73200 0.00000
1.73200 0.08333
1.73200 0.16667
1.73200 0.25000
1.73200 0.33333
1.73200 0.41667
1.73200 0.50000
1.73200 0.58333
1.73200 0.66667
1.73200 0.75000
1.73200 0.83333
1.73200 0.91667
1.73200 1.00000
1.65983 0.95833
1.58767 0.91667
1.51550 0.87500
1.44333 0.83333
1.37117 0.79167
1.29900 0.75000
1.22683 0.70833
1.15467 0.66667
1.08250 0.62500
1.01033 0.58333
0.93817 0.54167
0.86600 0.50000
0.79383 0.54167
0.72167 0.58333
0.64950 0.62500
0.57733 0.66667
0.50517 0.70833
0.43300 0.75000
0.36083 0.79167
0.28867 0.83333
0.21650 0.87500
0.14433 0.91667
0.07217 0.95833
0.00000 1.00000
0.00000 0.91667
0.00000 0.83333
0.00000 0.75000
0.00000 0.66667
0.00000 0.58333
0.00000 0.50000
0.00000 0.41667
0.00000 0.33333
0.00000 0.25000
0.00000 0.16667
0.00000 0.08333
