0.00000 0.00000
0.00007 -0.05543
-0.00202 -0.11539
-0.01070 -0.17583
-0.03110 -0.23569
-0.06296 -0.29439
-0.09832 -0.35652
-0.12867 -0.42771
-0.15169 -0.50944
-0.15685 -0.60284
-0.12330 -0.70133
-0.04555 -0.78877
0.06215 -0.86570
0.19681 -0.93087
0.36346 -0.95956
0.55304 -0.92480
0.73906 -0.81001
0.87984 -0.60438
0.95106 -0.32657
0.98500 0.00000
0.95106 0.32657
0.87984 0.60438
0.73906 0.81001
0.55304 0.92480
0.36346 0.95956
0.19681 0.93087
0.06215 0.86570
-0.04555 0.78877
-0.12330 0.70133
-0.15685 0.60284
-0.15169 0.50944
-0.12867 0.42771
-0.09832 0.35652
-0.06296 0.29439
-0.03110 0.23569
-0.01070 0.17583
-0.00202 0.11539
0.00007 0.05543