0.59978 0.00000
0.61941 0.04578
0.64790 0.08936
0.68277 0.13349
0.71906 0.18459
0.74611 0.25122
0.74275 0.33468
0.70233 0.42558
0.61332 0.50369
0.47463 0.54303
0.29989 0.56056
0.12515 0.54303
-0.01353 0.50369
-0.10255 0.42558
-0.14297 0.33468
-0.14633 0.25122
-0.11928 0.18459
-0.08299 0.13349
-0.04812 0.08936
-0.01963 0.04578
-0.00000 0.00000
-0.01963 -0.04578
-0.04812 -0.08936
-0.08299 -0.13349
-0.11928 -0.18459
-0.14633 -0.25122
-0.14297 -0.33468
-0.10255 -0.42558
-0.01353 -0.50369
0.12515 -0.54303
0.29989 -0.56056
0.47463 -0.54303
0.61332 -0.50369
0.70233 -0.42558
0.74275 -0.33468
0.74611 -0.25122
0.71906 -0.18459
0.68277 -0.13349
0.64790 -0.08936
0.61941 -0.04578