0.00000 0.00000
0.00199 -0.03846
0.00260 -0.07697
0.00422 -0.11545
0.00934 -0.15359
0.02036 -0.19046
0.03583 -0.22571
0.05440 -0.25944
0.07591 -0.29137
0.10053 -0.32096
0.12874 -0.34713
0.16057 -0.36877
0.19486 -0.38626
0.23062 -0.40054
0.26717 -0.41267
0.30427 -0.42301
0.34189 -0.43121
0.37986 -0.43766
0.41808 -0.44240
0.45649 -0.44512
0.49499 -0.44484
0.53312 -0.43973
0.56987 -0.42829
0.60569 -0.41415
0.64120 -0.39924
0.67621 -0.38319
0.71090 -0.36646
0.74535 -0.34923
0.77959 -0.33159
0.81360 -0.31352
0.84735 -0.29497
0.88104 -0.27629
0.91430 -0.25689
0.94627 -0.23543
0.97456 -0.20940
0.99419 -0.17655
0.99779 -0.13848
0.98835 -0.10128
0.97054 -0.06718
0.94893 -0.03531
0.92591 -0.00443
0.90165 0.02548
0.87542 0.05367
0.84862 0.08133
0.82201 0.10918
0.79643 0.13796
0.77382 0.16909
0.75920 0.20456
0.75744 0.24283
0.76788 0.27979
0.78566 0.31387
0.81069 0.34308
0.83699 0.37121
0.86055 0.40167
0.88243 0.43336
0.90279 0.46604
0.91872 0.50107
0.92895 0.53814
0.92927 0.57640
0.91242 0.61076
0.88749 0.64006
0.85879 0.66571
0.82698 0.68737
0.79223 0.70389
0.75556 0.71561
0.71798 0.72398
0.67986 0.72942
0.64145 0.73206
0.60294 0.73189
0.56455 0.72883
0.52643 0.72336
0.48864 0.71597
0.45121 0.70689
0.41420 0.69625
0.37767 0.68406
0.34172 0.67025
0.30668 0.65428
0.27276 0.63604
0.23974 0.61623
0.20737 0.59536
0.17540 0.57388
0.14355 0.55222
0.11149 0.53088
0.07931 0.50971
0.04735 0.48823
0.01570 0.46628
-0.01546 0.44364
-0.04574 0.41985
-0.07418 0.39390
-0.09864 0.36421
-0.11661 0.33027
-0.12339 0.29253
-0.11883 0.25438
-0.10797 0.21745
-0.09355 0.18175
-0.07581 0.14757
-0.05590 0.11461
-0.03664 0.08126
-0.01826 0.04741
-0.00913 0.02371
