0.00000 0.00000
0.10682 -0.32897
0.29623 -0.57144
0.50308 -0.75641
0.71862 -0.88164
0.93093 -0.95522
1.13091 -0.98575
1.31384 -0.97324
1.46867 -0.91404
1.57789 -0.80838
1.63681 -0.68343
1.59842 -0.56131
1.53602 -0.45795
1.47174 -0.36407
1.41104 -0.27452
1.35659 -0.18584
1.31367 -0.09416
1.28000 0.00000
1.31367 0.09416
1.35659 0.18584
1.41104 0.27452
1.47174 0.36407
1.53602 0.45795
1.59842 0.56131
1.63681 0.68343
1.57789 0.80838
1.46867 0.91404
1.31384 0.97324
1.13091 0.98575
0.93093 0.95522
0.71862 0.88164
0.50308 0.75641
0.29623 0.57144
0.10682 0.32897